0000000000000000000000000000000000000000000000000000000000000000000000000000000000000000000000000000
0110111011001001010001110101010111101001111011101011011000100010110110110101010010110000001011010000
0010111101110010000101101001010110010111001110000111110100001110101111010111110110110101000101011110
0000110001010000011111111101001011010011000011110111101100011111010111001011000000010101101011000010
0011111010011001110101001111010001110001111001111000110010001010111000101101100110100000110101011011
0011100010001110010011001010100101100110100111001110111001101000011010100100110111111111010101100100
0101001110101000101111001000101101101110100111111100010001100011000111010100001110001010001110101100
0101100011101101001011110010111001110001101110100110011011010001111001010100011000010100011010110100
0110011111101100011010010101010010001111001010011111010101101000011000010010101111000001101010001001
0111010001100101111000110010011101001001010011011000110100110100011010101100100101010000000110001110
0100111000010110100010011111110100100111110101010111010010100101110001010001001111110111000100101100
0110010011101000100111101000110011101010011010000100110011011110010000101101011011101111000101011000
0010001111000001011011010111010111100010100000000000010101010000110011101001101101011100111111100000
0101110111001010101000110111110000111001111010000100110011001101001100010111100100110111000100100000
0100010001011100000000011100001001011101101001001011010101111101101110001011011101001000111010001111
0111000001011011010010101011011011101001000001111000110100110000100110101101000100101000100010110110
0110101101100001110001111110100011100010011110100011001000011001110000010100001111000011110011011110
0100111000100011111101001111110000111101010110100101100001111111010000111100001010001111001100100000
0000101101110011010011111101001101111101100001010001101011111000010001011011010101001011111000100100
0110101110111100101010101101001011100011010100110000101101001001011101111011010011100010001011001011
0001010111101001000100111101101001100110010010011001110000111010111000110000101001111111101111000001
0000101001111001101011010010101101100111101010100110011101110110100101100010100100001011101101101001
0000110100001001011100011001110111010000101001110110001101110101010000011000100101011010110101010010
0011010000000101011111101001110110101011100010111011101010111011110001110101100010011101010110010101
0100001010110011001100011000111111001010000010100101111000100101000000000000101000110111101001011110
0110001101011101100111100000110100010111101010000101001101001010110111110001010011111011100110001011
0011000110111101100010010110010110110010000110000110110101001111111010101001101000111110111100101010
0001001100001100100101101010010011000110111000001111101100110101100101100110010111100000110011010100
0000110110011101011100101100110011011111100001001001101110100011011101101110011001010000011110011111
0001111101000101110010010100000101101011100110101110101110010111111001001001111110010101111101101001
0001111011001110101101010011101000011100100001011111101010011000101000110111110100000111101111111110
0011000110010010101110100110011001010001010111001110001110101000010000010110101111000011001111101001
0010111001000101100110110110101001100110001101110000011100110001101111010110100110011000101111011111
0000111010110001000100111110101001011010110111100100101000001100001111100111010101101111001001001011
0001100100000111000110101101010010010110101101000100101100110100001001010001011110100111011110110011
0001010001111110010011010100111101100011010111011101000101001010011100010001001010011001101111110010
0001111111111111111111111111111111111111111111111111111111111111111111111111111111111111111111111111
0000101001111001101011010010101101100111101010100110011101110110100101100010100100001011101101101001
0000110100001001011100011001110111010000101001110110001101110101010000011000100101011010110101010010
0000000000000000000000000000000000000000000000000000000000000000000000000000000000000000000000000000
