0000000000000000000000000000000000000000
0000000100000000010000000001000000000100
0111000100011100010001110001000111000100
0000000100000000010000000001000000000100
0000000000000000000000000000000000000000
0000000000000000000000000000000000000000
0000000100000000010000000001000000000100
0111000100011100010001110001000111000100
0000000100000000010000000001000000000100
0000000000000000000000000000000000000000
0000000000000000000000000000000000000000
0000000100000000010000000001000000000100
0111000100011100010001110001000111000100
0000000100000000010000000001000000000100
0000000000000000000000000000000000000000
0000000000000000000000000000000000000000
0000000100000000010000000001000000000100
0111000100011100010001110001000111000100
0000000100000000010000000001000000000100
0000000000000000000000000000000000000000
0000000000000000000000000000000000000000
0000000100000000010000000001000000000100
0111000100011100010001110001000111000100
0000000100000000010000000001000000000100
0000000000000000000000000000000000000000
0000000000000000000000000000000000000000
0000000100000000010000000001000000000100
0111000100011100010001110001000111000100
0000000100000000010000000001000000000100
0000000000000000000000000000000000000000
0000000000000000000000000000000000000000
0000000100000000010000000001000000000100
0111000100011100010001110001000111000100
0000000100000000010000000001000000000100
0000000000000000000000000000000000000000
0000000000000000000000000000000000000000
0000000100000000010000000001000000000100
0111000100011100010001110001000111000100
0000000100000000010000000001000000000100
0000000000000000000000000000000000000000
